metrics:
  directional_accuracy: 0.4666666666666667
  mae: 3042.3826730560177
  mse: 13989089.100205882
  rmse: 3740.1990722695336
timestamp: 2024-11-24 04:42:00.139067
train_time: 0.057668
